3050 9.785463
3052 9.826830
3054 12.332501
3056 32.193471
3058 19.820687
3060 22.692286
3062 20.655549
3064 28.335795
3066 29.321563
3068 29.208475
3070 20.593072
3072 33.315574
3074 31.051680
3076 27.608712
3078 11.598723
3080 5.233268
3082 2.275038
3084 9.430976
3086 9.824654
3088 9.865675
3090 9.834664
3092 9.880499
3094 9.819971
3096 9.846541
3098 9.805962
3100 9.846800
3102 9.812797
3104 9.797625
3106 9.799507
3108 9.829288
3110 9.831292
3112 9.823876
3114 9.853298
3116 9.824855
3118 9.848391
3120 9.867525
3122 9.851160
3124 9.842109
3126 9.841083
3128 9.833890
3130 9.854028
3132 9.827619
3134 9.831505
3136 9.814327
3138 9.818510
3140 9.851413
3142 9.814212
3144 9.812585
3146 9.850089
